7.634586100678910192e+00
7.791826046965513619e+00
7.405900140926586772e+00
7.523335894866718832e+00
7.444998552729920505e+00
7.421292922031511807e+00
7.220860638002518428e+00
7.384249495875286229e+00
7.302141078179837486e+00
7.314193887442043795e+00
7.328956574466115370e+00
7.131793796555949250e+00
7.205823584015263350e+00
7.308998754824455268e+00
7.258063763018922643e+00
7.422941574711997781e+00
7.358945063982946344e+00
7.181517096586686577e+00
7.275306188785124029e+00
7.164027969741999513e+00
7.646451892428512309e+00
7.499500436178267115e+00
7.664130877070059356e+00
7.342761193033030764e+00
7.487830020646057960e+00
7.400653497770393940e+00
7.518200808368357357e+00
7.350787565918112776e+00
7.512472928189497523e+00
7.354390554447783224e+00
7.430511738784351117e+00
7.437786452658304626e+00
7.419665117688809097e+00
7.419923411690771964e+00
7.218202759344443997e+00
7.532662927487669080e+00
7.493825417187081506e+00
7.348370222763198178e+00
7.351436824002757220e+00
7.406447939954778903e+00
7.814528077766710545e+00
7.927693693187008783e+00
7.542527241001399929e+00
7.389893150940315181e+00
7.686812127487660184e+00
7.392078606382701977e+00
7.606250818351545817e+00
7.457147266561482191e+00
7.444168053973237775e+00
7.276723627086091994e+00
7.370434755060243148e+00
7.472677336175850726e+00
7.180988161524684443e+00
7.208143008400476504e+00
7.274591333381374092e+00
7.235341977737989261e+00
7.351637215945595827e+00
7.500643884961451846e+00
7.447032300699886420e+00
7.372991631213809960e+00
7.826286007631944486e+00
7.783123704873138315e+00
7.819455921848025959e+00
7.760850850301153514e+00
7.500880580198393766e+00
7.485564904604935954e+00
7.397488399024359396e+00
7.673441289279494981e+00
7.637355901548197323e+00
7.274112164315224227e+00
7.563202887495502402e+00
7.239953853753508639e+00
7.292316978001143646e+00
7.370403650305739518e+00
7.416816465185274154e+00
7.472751648432280014e+00
7.293703461246354713e+00
7.310845913469685264e+00
7.439357798227320906e+00
7.523062742186994001e+00
7.878538037358243429e+00
7.523476598474420740e+00
7.474329828128115416e+00
7.758822822289838328e+00
7.574028489246826368e+00
7.384898571795956101e+00
7.568253636246343952e+00
7.341257967437180731e+00
7.547393473647857398e+00
7.631162945963601452e+00
7.361094952156567395e+00
7.296944349022727927e+00
7.418708293955407207e+00
7.381793892458999196e+00
7.344680752474984864e+00
7.323858815273846190e+00
7.444567939024831382e+00
7.360818130166997264e+00
7.387955370915840980e+00
7.488040581793484307e+00
8.287637934286138375e+00
7.777670729136788808e+00
7.415286084359112628e+00
7.481937040677400397e+00
7.320278190125694806e+00
7.149449363581783956e+00
7.380049347146396599e+00
7.345042354161960496e+00
7.339066573388439707e+00
7.169826742486521631e+00
7.312628189127043044e+00
7.173547903894578859e+00
7.231503280330041861e+00
7.255850446559895417e+00
7.240703468619779315e+00
7.202870691562694105e+00
7.239950329424918785e+00
7.260219543121358754e+00
7.365429351951254588e+00
7.264153834740847415e+00
8.731171705682559292e+00
8.392712712366646954e+00
7.391164412615114365e+00
7.437528406595452779e+00
7.507588293113983013e+00
7.498632513027946978e+00
7.319782590892463858e+00
7.500517479765377971e+00
7.286291756439885248e+00
7.360820873436152212e+00
7.358164433080814248e+00
7.214077709614977074e+00
7.490993077293300217e+00
7.330071049836369923e+00
7.273356424448652824e+00
7.354192098209695772e+00
7.258194077148122147e+00
7.442541313570176342e+00
7.291458597830104971e+00
7.230186534267301290e+00
9.105425170750628183e+00
8.375522138772344860e+00
7.464098830347275282e+00
7.421453475140714851e+00
7.367857626353733203e+00
7.356243215695549509e+00
7.393920175214546475e+00
7.487331222423705412e+00
7.347257652624952229e+00
7.247752359674380251e+00
7.412199423421117928e+00
7.241829507272504962e+00
7.270031204787292367e+00
7.555117620618959862e+00
7.255686701768002678e+00
7.489039824980200599e+00
7.552439113736269860e+00
7.360553801318689082e+00
7.378109986412001220e+00
7.370458380692978650e+00
8.834350419568789192e+00
8.097738610989525299e+00
7.430602555720904334e+00
7.384709148624569508e+00
7.374188659425245262e+00
7.433691734227219960e+00
7.454432841361955830e+00
7.655012611983968540e+00
7.529975642895021970e+00
7.466048196222508260e+00
7.409100682574847774e+00
7.291743516098616595e+00
7.578941326728282135e+00
7.346553726698767939e+00
7.291908171103496983e+00
7.223617365861162654e+00
7.351264231454718079e+00
7.299390141766346929e+00
7.477799354350728400e+00
7.091670595835008584e+00
7.283709290300381056e+00
7.578937852234514772e+00
7.497616858301515919e+00
7.397624833077517614e+00
7.255100726140051748e+00
7.244655741432835860e+00
7.525194896625284180e+00
7.250694506955833951e+00
7.276356645468899487e+00
7.203134078100453586e+00
7.302798683529128532e+00
7.340873075400102366e+00
7.159554447047826287e+00
7.172999703061004872e+00
7.221825318295711504e+00
7.099309314227203238e+00
7.328563417152055059e+00
7.274235296111349669e+00
7.216692822715609523e+00
7.002711791064765379e+00
7.493079481485890980e+00
7.904056461040991799e+00
7.410655884087499423e+00
7.282215811693760976e+00
7.505151172036767626e+00
7.388780427404677553e+00
7.435987428442547120e+00
7.323622345416767487e+00
7.395583685898580839e+00
7.319979143294713886e+00
7.546441869002478597e+00
7.285197944468797537e+00
7.343445187233215599e+00
7.331630168879079257e+00
7.276941611053454828e+00
7.266068349039144891e+00
7.359613365316568512e+00
7.325821766635554511e+00
7.341825147378496119e+00
7.242208090359581796e+00
7.929923366658431227e+00
7.627512504491372525e+00
7.386973052513517324e+00
7.438788940906849945e+00
7.321681578629668508e+00
7.514811129123726730e+00
7.583664284632982699e+00
7.519906511182257169e+00
7.325094121629287969e+00
7.448418185381537882e+00
7.564682007176124046e+00
7.336701992292241847e+00
7.375131461036936287e+00
7.512749235436571027e+00
7.387313916734677299e+00
7.318526394849318883e+00
7.284379256471116726e+00
7.411988675650053260e+00
7.569289357091276038e+00
7.184568886486214723e+00
7.615379399367217417e+00
7.572049757202778508e+00
7.333447759647294006e+00
7.725729961181810879e+00
7.406072547982125442e+00
7.715531665092552061e+00
7.558578416761366547e+00
7.529005784460718331e+00
7.414009685037330932e+00
7.548929579250536648e+00
7.716403766534153164e+00
7.316903846966622993e+00
7.612749591718734443e+00
7.416317133083856206e+00
7.416519224990032910e+00
7.420476273700509218e+00
7.502705132861829718e+00
7.521558442582497506e+00
7.482584633056784007e+00
7.500057632595331647e+00
7.738926736015586449e+00
7.405844219955135088e+00
7.440837360653818955e+00
7.188202015347135543e+00
7.385706353329818619e+00
7.153115673138387365e+00
7.290877223176732258e+00
7.293452845658288552e+00
7.167516148888765315e+00
7.338741158191842473e+00
7.244005818849345246e+00
7.304268637802777242e+00
7.286418431866236389e+00
7.195008385151612451e+00
6.921663063395530280e+00
7.268576045072153491e+00
7.198732082601866367e+00
7.321341361863745512e+00
7.123449449379551268e+00
7.136046494528268447e+00
7.446852758722512178e+00
7.728139923023025659e+00
7.507159827810506059e+00
7.623208580723446204e+00
7.499973874342707347e+00
7.490907335709436232e+00
7.541233258232031389e+00
7.541693000266972646e+00
7.323206814477736692e+00
7.307649688635828866e+00
7.409203840755080428e+00
7.693959403363711758e+00
7.257963204813954405e+00
7.350054495982634606e+00
7.316274705617570540e+00
7.277455809511573115e+00
7.470215526252772520e+00
7.306187466895853078e+00
7.318464206672063987e+00
7.443908283857763486e+00
7.716859556512685181e+00
7.966379436786588997e+00
7.742377816147261171e+00
7.664571188401859914e+00
7.436025962001942879e+00
7.685797827951307504e+00
7.550150665757257684e+00
7.483973794667971191e+00
7.435380196514469020e+00
7.389736266626401928e+00
7.708520809311449007e+00
7.461181755733136356e+00
7.426543924132351648e+00
7.565633713475852673e+00
7.424342785111917031e+00
7.395147653137966515e+00
7.527744653244258899e+00
7.442125406577895674e+00
7.471887423381245341e+00
7.499369656774842241e+00
7.932342377511808706e+00
7.798105188219013328e+00
7.930503253388277329e+00
7.648536408031898048e+00
7.594053898239760514e+00
7.678371202185076072e+00
7.405307668541112776e+00
7.613796699896548503e+00
7.487657153253957532e+00
7.486205290185666605e+00
7.393804754746139629e+00
7.704532766215514528e+00
7.549869070488989919e+00
7.555835876235550863e+00
7.724038865356430250e+00
7.313494702262867797e+00
7.459682748204243374e+00
7.565204674949446151e+00
7.535208062120842598e+00
7.425141912277004153e+00
7.275482196109417821e+00
7.237042526862834002e+00
7.333361354297961654e+00
7.169422149109612619e+00
7.283654578458657269e+00
7.189860599343789183e+00
7.230617123847373762e+00
7.196728923331789929e+00
7.103694610729441195e+00
7.231521527923955972e+00
7.347219446282692523e+00
7.249004632380353641e+00
7.365753944559624955e+00
7.187477697277496524e+00
7.210957195120363927e+00
7.173890565599119640e+00
7.165431070267742619e+00
7.174600025533195868e+00
7.261103475338385849e+00
7.214371147468353840e+00
7.485302349711664860e+00
7.479225116331052803e+00
7.575011186775623351e+00
7.579194485511036028e+00
7.417782535610705885e+00
7.603135591943341431e+00
7.520439081572424023e+00
7.133362124633972456e+00
7.262577610303955211e+00
7.327024736685206818e+00
7.461727026012521691e+00
7.442564185884895878e+00
7.451017126649057687e+00
7.330474480079098853e+00
7.200547153708606984e+00
7.326576079833551525e+00
7.309624839056921175e+00
7.390135681435166859e+00
7.307354137184496778e+00
7.333241212819862298e+00
7.564842916495078562e+00
7.786683516148798390e+00
7.361194807879453350e+00
7.346377599784184476e+00
7.317372847175708017e+00
7.392056054263192344e+00
7.304682856137822533e+00
7.191729158762164786e+00
7.269398267078882370e+00
7.323748854672099462e+00
7.190307645639316902e+00
7.405658382061572453e+00
7.351569925453732779e+00
7.314603553928533231e+00
7.319208881637466746e+00
7.153728408762709101e+00
7.285192790178676603e+00
7.209023168627829214e+00
7.294331161798251806e+00
7.314014694733166344e+00
7.674926441566205959e+00
7.555699829385404520e+00
7.571713813507190416e+00
7.327645368519909219e+00
7.279526469516250486e+00
7.296241125836132824e+00
7.432041322139693484e+00
7.284784659858002165e+00
7.423905636336141534e+00
7.462913582538015511e+00
7.308712009737557302e+00
7.269553986253960431e+00
7.298089741208759307e+00
7.289874809658529742e+00
7.282841534174720799e+00
7.400520192580853696e+00
7.392936432188143669e+00
7.373882434322792889e+00
7.264279085516066381e+00
7.202000754592479126e+00
7.375827899897347883e+00
7.809784636706158523e+00
7.543304966577593973e+00
7.440443429718765600e+00
7.286271195835794856e+00
7.350554560755550249e+00
7.439031629335004503e+00
7.369218107651433591e+00
7.342150770293129014e+00
7.581728274652550503e+00
7.434382112296434642e+00
7.288101192323003907e+00
7.407492721202219244e+00
7.239805333921811581e+00
7.345416015657307618e+00
7.443861452362503073e+00
7.306335418854884800e+00
7.294458378699525625e+00
7.507339717643952248e+00
7.261745693642252419e+00
7.431326306919297409e+00
7.338499532203463183e+00
7.411840709331213972e+00
7.582282626195461006e+00
7.385130963994654074e+00
7.365284243884335780e+00
7.343126615252330680e+00
7.579745059882819547e+00
7.385418696004365735e+00
7.278411308939673141e+00
7.498523437047655449e+00
7.684193908049226529e+00
7.454992539958705144e+00
7.366416904092741191e+00
7.482099367293527870e+00
7.499755296135507621e+00
7.286299342429304104e+00
7.487363887470370294e+00
7.312657412373458676e+00
7.412564288767402587e+00
7.639362667743550439e+00
7.420600096905586973e+00
7.593733896156280139e+00
7.523499082186966724e+00
7.378401359313065733e+00
7.250369074988887164e+00
7.638473378002332836e+00
7.359425360295617224e+00
7.364628957569749446e+00
7.461552759717479333e+00
7.433281421347685658e+00
7.521307885829256357e+00
7.227428380165725308e+00
7.394806338987763183e+00
7.330873323559689680e+00
7.378571267029409242e+00
7.227132375842245438e+00
7.299645135931195128e+00
7.345949529736980566e+00
7.240409254801331684e+00
7.363247034848845907e+00
7.594218196004665522e+00
7.395026892237231309e+00
7.391345557734859462e+00
7.522615382762567471e+00
7.537363323753778488e+00
7.560648911874729095e+00
7.433822998556087747e+00
7.506667635783990100e+00
7.404233453044529512e+00
7.276156573703767450e+00
7.338454052130181537e+00
7.560999960672394771e+00
7.358583807546005495e+00
7.532778001244811783e+00
7.266821693362012446e+00
7.373969482194700831e+00
7.340133594328416500e+00
7.392673303615788782e+00
7.165326899736096600e+00
7.541892684353699750e+00
7.267787544775376141e+00
7.345678114774382372e+00
7.452705372446328802e+00
7.303176630832813210e+00
7.300402972183847261e+00
7.272690817936402929e+00
7.314663800874559030e+00
7.340195539054551688e+00
7.380083375362187503e+00
7.350101116840890292e+00
7.291858491292027900e+00
7.270598581373328706e+00
7.236732286058114028e+00
7.325775994188477469e+00
7.274074420310961742e+00
7.270834184812339451e+00
7.339609199720040777e+00
7.248790760160138014e+00
7.301144082899111432e+00
7.961962587006536474e+00
7.896714152198331504e+00
7.657544039078750586e+00
7.528105731873764306e+00
7.616217164187434108e+00
7.508301311077337559e+00
7.402558712356912984e+00
7.314292799070184259e+00
7.515304644324265482e+00
7.452743296443436805e+00
7.600921345613196323e+00
7.452357499637083826e+00
7.335860286621601389e+00
7.417279740249266951e+00
7.270312632521902962e+00
7.419842286324126235e+00
7.285250365166429987e+00
7.447737660010188776e+00
7.362524391458909356e+00
7.393324700841731101e+00
7.391832453129212332e+00
7.387142051754492122e+00
7.561769567927995261e+00
7.445934299441099746e+00
7.485190871084179243e+00
7.419628865721551669e+00
7.381911156389076467e+00
7.355573657391110132e+00
7.309449603542312879e+00
7.482347537375981794e+00
7.392992924157365309e+00
7.392500719018417321e+00
7.426516692685006582e+00
7.431043022428965195e+00
7.380517135677836293e+00
7.390668225402219349e+00
7.350860279069777903e+00
7.355942945992600457e+00
7.447161656710215460e+00
7.369956386587156238e+00
7.763965251275345203e+00
7.795866748724662898e+00
7.758776692675392717e+00
7.702102266314243550e+00
7.818058908562602660e+00
7.697808238996013408e+00
7.679366568105509216e+00
7.549423402622275958e+00
7.586794147844303282e+00
7.611978230402161039e+00
7.517830170492732833e+00
7.427287146040300492e+00
7.555466746068692174e+00
7.460400474198293885e+00
7.494716909758079915e+00
7.567963581757919833e+00
7.542473669457734786e+00
7.427845271358731516e+00
7.559125513115088069e+00
7.459151760633962347e+00
7.577945969286479233e+00
7.433516629721266256e+00
7.286103352553412016e+00
7.357846873421936884e+00
7.338307895472057751e+00
7.409610371984426180e+00
7.423887899977767546e+00
7.280552444141157764e+00
7.451555497755492752e+00
7.394904229997900202e+00
7.283237638274684400e+00
7.261543593885701142e+00
7.447652377411617231e+00
7.351706662805831627e+00
7.391269824933774935e+00
7.344261830003012470e+00
7.237850905868615570e+00
7.237932850605874435e+00
7.454462499428382571e+00
7.282321802562808699e+00
